Pre Week 11

Team                1       2       3       4       5       6       7       8       9       10      Playoffs    
FANtasy             89.10%  7.68%   2.21%   0.83%   0.16%   0.01%   0.00%   0.00%   0.00%   0.00%   99.83%      
Emily's Team        5.02%   27.33%  26.40%  17.64%  11.12%  8.91%   3.60%   0.00%   0.00%   0.00%   76.38%      
Run CMC             2.67%   30.38%  24.85%  20.51%  11.71%  6.67%   3.23%   0.00%   0.00%   0.00%   78.40%      
League is Rigged    3.00%   22.27%  20.24%  21.52%  15.50%  11.57%  5.88%   0.01%   0.00%   0.00%   67.03%      
Adam's Team         0.12%   6.53%   11.85%  14.84%  21.44%  23.53%  21.55%  0.14%   0.00%   0.00%   33.34%      
James's Team        0.08%   4.22%   9.89%   16.11%  24.22%  26.90%  18.32%  0.26%   0.00%   0.00%   30.30%      
Eat Lobster!        0.01%   1.59%   4.55%   8.56%   15.85%  22.32%  46.49%  0.61%   0.01%   0.00%   14.71%      
Daniel's Team       0.00%   0.00%   0.00%   0.00%   0.00%   0.10%   0.75%   56.21%  27.82%  15.13%  0.00%       
Kyle's Team         0.00%   0.00%   0.00%   0.00%   0.00%   0.00%   0.12%   24.83%  41.19%  33.86%  0.00%       
Christian's Team    0.00%   0.00%   0.00%   0.00%   0.00%   0.00%   0.07%   17.93%  30.99%  51.01%  0.00%    

--I lose week 11--

Team                1       2       3       4       5       6       7       8       9       10      Playoffs    
FANtasy             88.89%  7.85%   2.43%   0.69%   0.14%   0.00%   0.00%   0.00%   0.00%   0.00%   99.86%      
Emily's Team        5.30%   25.36%  29.15%  17.69%  10.78%  8.38%   3.33%   0.01%   0.00%   0.00%   77.52%      
Run CMC             5.32%   47.72%  25.32%  13.09%  5.70%   2.17%   0.68%   0.00%   0.00%   0.00%   91.44%      
League is Rigged    0.24%   7.74%   16.76%  26.77%  21.62%  17.41%  9.43%   0.04%   0.00%   0.00%   51.50%      
Adam's Team         0.15%   6.08%   11.59%  16.91%  21.16%  22.88%  21.10%  0.12%   0.00%   0.00%   34.73%      
James's Team        0.08%   3.56%   10.41%  16.25%  23.96%  27.28%  18.20%  0.24%   0.01%   0.00%   30.31%      
Eat Lobster!        0.01%   1.69%   4.35%   8.59%   16.63%  21.82%  46.23%  0.68%   0.01%   0.00%   14.64%      
Daniel's Team       0.00%   0.00%   0.00%   0.00%   0.00%   0.06%   0.79%   55.66%  28.48%  15.01%  0.00%       
Kyle's Team         0.00%   0.00%   0.00%   0.00%   0.00%   0.01%   0.20%   24.95%  41.07%  33.77%  0.00%       
Christian's Team    0.00%   0.00%   0.00%   0.00%   0.00%   0.00%   0.05%   18.29%  30.44%  51.22%  0.00% 


--And I lose week 12--

Team                1       2       3       4       5       6       7       8       9       10      Playoffs    
FANtasy             89.33%  7.80%   2.41%   0.41%   0.05%   0.00%   0.00%   0.00%   0.00%   0.00%   99.95%      
Emily's Team        5.15%   23.62%  31.18%  17.80%  11.30%  7.51%   3.43%   0.01%   0.00%   0.00%   77.75%      
Run CMC             5.00%   50.34%  24.09%  11.93%  5.79%   2.23%   0.61%   0.00%   0.00%   0.00%   91.36%      
League is Rigged    0.00%   0.11%   3.86%   16.51%  29.17%  30.90%  19.35%  0.10%   0.00%   0.00%   20.48%      
Adam's Team         0.34%   12.05%  22.05%  27.27%  18.39%  13.11%  6.78%   0.00%   0.00%   0.00%   61.71%      
James's Team        0.18%   3.91%   11.34%  16.00%  21.24%  25.92%  21.16%  0.23%   0.00%   0.00%   31.45%      
Eat Lobster!        0.01%   2.16%   5.07%   10.06%  14.05%  20.23%  47.87%  0.55%   0.01%   0.00%   17.29%      
Daniel's Team       0.00%   0.00%   0.00%   0.00%   0.01%   0.08%   0.61%   55.58%  28.75%  14.96%  0.00%       
Kyle's Team         0.00%   0.00%   0.00%   0.00%   0.00%   0.01%   0.14%   25.20%  41.33%  33.34%  0.00%       
Christian's Team    0.00%   0.00%   0.00%   0.00%   0.00%   0.00%   0.06%   18.33%  29.90%  51.70%  0.00%


--And I lose week 13--

Team                1       2       3       4       5       6       7       8       9       10      Playoffs    
FANtasy             89.87%  7.26%   2.38%   0.45%   0.04%   0.00%   0.00%   0.00%   0.00%   0.00%   99.95%      
Emily's Team        4.75%   24.05%  31.47%  19.71%  13.41%  5.25%   1.36%   0.01%   0.00%   0.00%   79.97%      
Run CMC             4.95%   50.42%  25.35%  12.95%  4.61%   1.38%   0.34%   0.00%   0.00%   0.00%   93.66%      
League is Rigged    0.00%   0.00%   0.03%   1.44%   18.16%  39.16%  40.98%  0.23%   0.00%   0.00%   1.47%       
Adam's Team         0.29%   12.35%  22.17%  32.63%  19.36%  10.06%  3.12%   0.00%   0.00%   0.00%   67.44%      
James's Team        0.14%   3.93%   12.72%  19.77%  26.36%  19.84%  16.91%  0.32%   0.01%   0.00%   36.56%      
Eat Lobster!        0.00%   1.99%   5.88%   13.06%  18.02%  24.21%  36.20%  0.62%   0.02%   0.00%   20.93%      
Daniel's Team       0.00%   0.00%   0.00%   0.00%   0.01%   0.08%   0.85%   47.47%  28.07%  23.51%  0.00%       
Kyle's Team         0.00%   0.00%   0.00%   0.00%   0.00%   0.01%   0.15%   18.84%  35.23%  45.77%  0.00%       
Christian's Team    0.00%   0.00%   0.00%   0.00%   0.00%   0.01%   0.10%   32.51%  36.68%  30.71%  0.00%


--And I lose week 14--

Team                1       2       3       4       5       6       7       8       9       10      Playoffs    
FANtasy             96.21%  3.31%   0.47%   0.00%   0.00%   0.00%   0.00%   0.00%   0.00%   0.00%   100.00%     
Emily's Team        2.50%   25.26%  32.87%  19.57%  13.58%  6.20%   0.01%   0.00%   0.00%   0.00%   80.20%      
Run CMC             1.24%   53.38%  25.94%  13.48%  4.66%   1.31%   0.00%   0.00%   0.00%   0.00%   94.03%      
League is Rigged    0.00%   0.00%   0.00%   0.00%   3.41%   30.73%  65.32%  0.54%   0.00%   0.00%   0.00%       
Adam's Team         0.04%   12.12%  22.19%  32.77%  21.25%  11.63%  0.00%   0.00%   0.00%   0.00%   67.12%      
James's Team        0.00%   3.82%   12.58%  20.47%  34.37%  17.12%  11.34%  0.29%   0.01%   0.00%   36.87%      
Eat Lobster!        0.00%   2.11%   5.96%   13.71%  22.71%  32.71%  22.00%  0.77%   0.03%   0.00%   21.78%      
Daniel's Team       0.00%   0.00%   0.00%   0.00%   0.02%   0.28%   1.01%   46.77%  27.94%  23.96%  0.00%       
Kyle's Team         0.00%   0.00%   0.00%   0.00%   0.00%   0.01%   0.15%   18.66%  36.10%  45.07%  0.00%       
Christian's Team    0.00%   0.00%   0.00%   0.00%   0.00%   0.00%   0.15%   32.98%  35.91%  30.96%  0.00%